Rk,Gcar,Gtm,Week,Date,Team,Home/Away,Opp,Result,GS,Passing_Cmp,Passing_Att,Passing_Cmp%,Passing_Yds,Passing_TD,Passing_Int,Passing_Y/A,Passing_AY/A,Passing_Rate,Passing_Sk,Passing_Yds_Lost,Rushing_Att,Rushing_Yds,Rushing_TD,Rushing_Y/A,Receiving_Tgt,Receiving_Rec,Receiving_Yds,Receiving_TD,Fumbles_Fmb,Fumbles_FL,Fumbles_FF,Fumbles_FR,Fumbles_Yds,Fumbles_FRTD,Snap_Counts_OffSnp,Snap_Counts_Off%,Snap_Counts_DefSnp,Snap_Counts_Def%,Snap_Counts_STSnp,Snap_Counts_ST%
1,1,1,1,2019-09-08,ARI,,DET,T 27-27 (OT),*,29,54,53.7,308,2,1,5.7,5.61,75.2,5,33,3,13,0,4.3,0,0,0,0,0,0,0,0,0,0,88,100.0,0,0.0,0,0.0
2,2,2,2,2019-09-15,ARI,@,BAL,L 17-23,*,25,40,62.5,349,0,0,8.7,8.73,90.5,3,20,3,4,0,1.3,0,0,0,0,1,0,0,1,-5,0,57,100.0,0,0.0,0,0.0
3,3,3,3,2019-09-22,ARI,,CAR,L 20-38,*,30,43,69.8,173,2,2,4.0,2.86,73.1,8,46,8,69,0,8.6,0,0,0,0,0,0,0,0,0,0,75,100.0,0,0.0,0,0.0
4,4,4,4,2019-09-29,ARI,,SEA,L 10-27,*,22,32,68.8,241,0,1,7.5,6.13,77.7,4,35,4,27,1,6.8,0,0,0,0,0,0,0,0,0,0,63,100.0,0,0.0,0,0.0
5,5,5,5,2019-10-06,ARI,@,CIN,W 26-23,*,20,32,62.5,253,0,0,7.9,7.91,87.1,1,5,10,93,1,9.3,0,0,0,0,0,0,0,0,0,0,75,101.4,0,0.0,0,0.0
6,6,6,6,2019-10-13,ARI,,ATL,W 34-33,*,27,37,73.0,340,3,0,9.2,10.81,128.2,0,0,11,32,0,2.9,0,0,0,0,0,0,0,0,0,0,69,100.0,0,0.0,0,0.0
7,7,7,7,2019-10-20,ARI,@,NYG,W 27-21,*,14,21,66.7,104,0,0,5.0,4.95,78.3,2,15,10,28,0,2.8,0,0,0,0,0,0,0,0,0,0,64,100.0,0,0.0,0,0.0
8,8,8,8,2019-10-27,ARI,@,NOR,L 9-31,*,19,33,57.6,220,0,0,6.7,6.67,77.8,3,19,2,13,0,6.5,0,0,0,0,1,0,0,1,0,0,46,93.9,0,0.0,0,0.0
9,9,9,9,2019-10-31,ARI,,SFO,L 25-28,*,17,24,70.8,241,2,0,10.0,11.71,130.7,3,37,5,34,0,6.8,0,0,0,0,0,0,0,0,0,0,56,100.0,0,0.0,0,0.0
10,10,10,10,2019-11-10,ARI,@,TAM,L 27-30,*,27,44,61.4,324,3,1,7.4,7.70,97.2,2,8,3,38,0,12.7,0,0,0,0,0,0,0,0,0,0,67,100.0,0,0.0,0,0.0
11,11,11,11,2019-11-17,ARI,@,SFO,L 26-36,*,24,33,72.7,150,2,0,4.5,5.76,101.8,4,19,8,67,1,8.4,0,0,0,0,0,0,0,0,0,0,67,100.0,0,0.0,0,0.0
12,12,12,13,2019-12-01,ARI,,LAR,L 7-34,*,19,34,55.9,163,0,1,4.8,3.47,56.4,6,39,4,28,1,7.0,0,0,0,0,0,0,0,0,0,0,63,100.0,0,0.0,0,0.0
13,13,13,14,2019-12-08,ARI,,PIT,L 17-23,*,20,30,66.7,194,2,3,6.5,3.30,67.2,5,29,6,2,0,0.3,0,0,0,0,1,0,0,1,0,0,58,100.0,0,0.0,0,0.0
14,14,14,15,2019-12-15,ARI,,CLE,W 38-24,*,19,25,76.0,219,1,1,8.8,7.76,98.6,0,0,8,56,0,7.0,0,0,0,0,0,0,0,0,0,0,61,100.0,0,0.0,0,0.0
15,15,15,16,2019-12-22,ARI,@,SEA,W 27-13,*,11,18,61.1,118,1,0,6.6,7.67,98.8,1,1,6,40,0,6.7,0,0,0,0,0,0,0,0,0,0,37,53.6,0,0.0,0,0.0
16,16,16,17,2019-12-29,ARI,@,LAR,L 24-31,*,26,42,61.9,325,2,2,7.7,6.55,81.9,1,3,2,0,0,0.0,0,0,0,0,2,2,0,0,-10,0,63,92.6,0,0.0,0,0.0
17,17,1,1,2020-09-13,ARI,@,SFO,W 24-20,*,26,40,65.0,230,1,1,5.8,5.13,78.1,2,6,13,91,1,7.0,0,0,0,0,0,0,0,0,0,0,82,100.0,0,0.0,0,0.0
18,18,2,2,2020-09-20,ARI,,WAS,W 30-15,*,26,38,68.4,286,1,1,7.5,6.87,88.3,3,8,8,67,2,8.4,0,0,0,0,0,0,0,0,0,0,77,100.0,0,0.0,0,0.0
19,19,3,3,2020-09-27,ARI,,DET,L 23-26,*,23,35,65.7,270,2,3,7.7,5.00,72.3,1,2,5,29,1,5.8,0,0,0,0,0,0,0,0,0,0,65,100.0,0,0.0,0,0.0
20,20,4,4,2020-10-04,ARI,@,CAR,L 21-31,*,24,31,77.4,133,3,0,4.3,6.23,116.7,1,0,6,78,0,13.0,0,0,0,0,1,1,0,0,0,0,57,100.0,0,0.0,0,0.0
21,21,5,5,2020-10-11,ARI,@,NYJ,W 30-10,*,27,37,73.0,380,1,1,10.3,9.59,103.4,1,11,9,31,1,3.4,0,0,0,0,0,0,0,0,0,0,75,98.7,0,0.0,0,0.0
22,22,6,6,2020-10-19,ARI,@,DAL,W 38-10,*,9,24,37.5,188,2,0,7.8,9.50,93.7,1,11,10,74,1,7.4,0,0,0,0,0,0,0,0,0,0,62,100.0,0,0.0,0,0.0
23,23,7,7,2020-10-25,ARI,,SEA,W 37-34 (OT),*,34,48,70.8,360,3,1,7.5,7.81,104.5,0,0,14,67,1,4.8,0,0,0,0,2,0,0,1,-2,0,84,100.0,0,0.0,0,0.0
24,24,8,9,2020-11-08,ARI,,MIA,L 31-34,*,21,26,80.8,283,3,0,10.9,13.19,150.5,1,19,11,106,1,9.6,0,0,0,0,1,1,0,0,0,0,69,100.0,0,0.0,0,0.0
25,25,9,10,2020-11-15,ARI,,BUF,W 32-30,*,22,32,68.8,245,1,1,7.7,6.88,88.7,3,9,11,61,2,5.5,0,0,0,0,0,0,0,0,0,0,73,100.0,0,0.0,0,0.0
26,26,10,11,2020-11-19,ARI,@,SEA,L 21-28,*,29,42,69.0,269,2,0,6.4,7.36,102.2,3,12,5,15,0,3.0,0,0,0,0,0,0,0,0,0,0,67,100.0,0,0.0,0,0.0
27,27,11,12,2020-11-29,ARI,@,NWE,L 17-20,*,23,34,67.6,170,0,1,5.0,3.68,67.0,2,10,5,31,0,6.2,0,0,0,0,0,0,0,0,0,0,73,98.6,0,0.0,0,0.0
28,28,12,13,2020-12-06,ARI,,LAR,L 28-38,*,21,39,53.8,173,3,1,4.4,4.82,80.4,2,33,5,15,0,3.0,0,0,0,0,2,1,0,0,-1,0,64,100.0,0,0.0,0,0.0
29,29,13,14,2020-12-13,ARI,@,NYG,W 26-7,*,24,35,68.6,244,1,0,7.0,7.54,97.8,1,13,13,47,0,3.6,0,0,0,0,1,0,0,1,0,0,79,100.0,0,0.0,0,0.0
30,30,14,15,2020-12-20,ARI,,PHI,W 33-26,*,27,36,75.0,406,3,1,11.3,11.69,127.8,1,9,8,29,1,3.6,0,0,0,0,2,1,0,0,0,0,68,100.0,0,0.0,0,0.0
31,31,15,16,2020-12-26,ARI,,SFO,L 12-20,*,31,50,62.0,247,0,1,4.9,4.04,66.0,3,17,8,75,0,9.4,0,0,0,0,0,0,0,0,0,0,82,100.0,0,0.0,0,0.0
32,32,16,17,2021-01-03,ARI,@,LAR,L 7-18,*,8,11,72.7,87,0,0,7.9,7.91,95.6,2,16,2,3,0,1.5,0,0,0,0,0,0,0,0,0,0,25,47.2,0,0.0,0,0.0
33,33,1,1,2021-09-12,ARI,@,TEN,W 38-13,*,21,32,65.6,289,4,1,9.0,10.13,121.0,2,9,5,20,1,4.0,0,0,0,0,0,0,0,1,0,0,69,100.0,0,0.0,0,0.0
34,34,2,2,2021-09-19,ARI,,MIN,W 34-33,*,29,36,80.6,400,3,2,11.1,10.28,117.6,3,29,5,31,1,6.2,0,0,0,0,0,0,0,0,0,0,61,100.0,0,0.0,0,0.0
35,35,3,3,2021-09-26,ARI,@,JAX,W 31-19,*,28,34,82.4,316,0,1,9.3,7.97,93.1,0,0,7,19,1,2.7,0,0,0,0,0,0,0,0,0,0,67,100.0,0,0.0,0,0.0
36,36,4,4,2021-10-03,ARI,@,LAR,W 37-20,*,24,32,75.0,268,2,0,8.4,9.63,120.3,3,19,6,39,0,6.5,0,0,0,0,0,0,0,0,0,0,76,97.4,0,0.0,0,0.0
37,37,5,5,2021-10-10,ARI,,SFO,W 17-10,*,22,31,71.0,239,1,0,7.7,8.35,104.1,2,29,7,1,0,0.1,0,0,0,0,2,0,0,1,26,0,61,100.0,0,0.0,0,0.0
38,38,6,6,2021-10-17,ARI,@,CLE,W 37-14,*,20,30,66.7,229,4,0,7.6,10.30,129.0,2,21,7,6,0,0.9,0,0,0,0,4,0,0,4,-18,0,68,90.7,0,0.0,0,0.0
39,39,7,7,2021-10-24,ARI,,HOU,W 31-5,*,20,28,71.4,261,3,1,9.3,9.86,121.3,4,36,6,10,0,1.7,0,0,0,0,0,0,0,1,0,0,66,93.0,0,0.0,0,0.0
40,40,8,8,2021-10-28,ARI,,GNB,L 21-24,*,22,33,66.7,274,0,2,8.3,5.58,67.0,2,14,6,21,0,3.5,0,0,0,0,1,0,0,1,-8,0,59,100.0,0,0.0,0,0.0
41,41,12,13,2021-12-05,ARI,@,CHI,W 33-22,*,11,15,73.3,123,2,0,8.2,10.87,136.9,1,3,10,59,2,5.9,0,0,0,0,2,0,0,2,4,0,53,100.0,0,0.0,0,0.0
42,42,13,14,2021-12-13,ARI,,LAR,L 23-30,*,32,49,65.3,383,0,2,7.8,5.98,72.1,4,39,7,61,0,8.7,0,0,0,0,1,0,0,0,-1,0,78,100.0,0,0.0,0,0.0
43,43,14,15,2021-12-19,ARI,@,DET,L 12-30,*,23,41,56.1,257,1,1,6.3,5.66,72.9,2,20,4,3,0,0.8,0,0,0,0,1,0,0,1,-4,0,64,85.3,0,0.0,0,0.0
44,44,15,16,2021-12-25,ARI,,IND,L 16-22,*,27,43,62.8,245,1,0,5.7,6.16,85.9,0,0,4,74,0,18.5,0,0,7,0,2,0,0,2,0,0,65,100.0,0,0.0,0,0.0
45,45,16,17,2022-01-02,ARI,@,DAL,W 25-22,*,26,38,68.4,263,2,0,6.9,7.97,105.5,1,14,9,44,0,4.9,0,0,0,0,0,0,0,0,0,0,77,100.0,0,0.0,0,0.0
46,46,17,18,2022-01-09,ARI,,SEA,L 30-38,*,28,39,71.8,240,1,0,6.2,6.67,96.1,5,53,5,35,0,7.0,0,0,0,0,0,0,0,0,0,0,76,100.0,0,0.0,0,0.0
47,47,1,1,2022-09-11,ARI,,KAN,L 21-44,*,22,34,64.7,193,2,0,5.7,6.85,99.3,2,18,5,29,0,5.8,0,0,0,0,0,0,0,1,0,0,57,87.7,0,0.0,0,0.0
48,48,2,2,2022-09-18,ARI,@,LVR,W 29-23 (OT),*,31,49,63.3,277,1,1,5.7,5.14,76.7,1,7,5,28,1,5.6,0,0,0,0,0,0,0,0,0,0,87,100.0,0,0.0,0,0.0
49,49,3,3,2022-09-25,ARI,,LAR,L 12-20,*,37,58,63.8,314,0,0,5.4,5.41,77.8,2,19,2,8,0,4.0,0,0,0,0,1,0,0,1,0,0,83,100.0,0,0.0,0,0.0
50,50,4,4,2022-10-02,ARI,@,CAR,W 26-16,*,23,32,71.9,207,2,1,6.5,6.31,96.7,1,1,12,26,1,2.2,0,0,0,0,1,0,0,1,0,0,76,100.0,0,0.0,0,0.0
51,51,5,5,2022-10-09,ARI,,PHI,L 17-20,*,28,42,66.7,250,1,1,6.0,5.36,80.5,1,11,4,42,0,10.5,0,0,0,0,0,0,0,0,0,0,69,100.0,0,0.0,0,0.0
52,52,6,6,2022-10-16,ARI,@,SEA,L 9-19,*,23,37,62.2,222,0,1,6.0,4.78,67.6,6,51,10,100,0,10.0,0,0,0,0,2,1,0,0,0,0,71,100.0,0,0.0,0,0.0
53,53,7,7,2022-10-20,ARI,,NOR,W 42-34,*,20,29,69.0,204,1,0,7.0,7.72,100.4,2,15,7,30,0,4.3,0,0,0,0,1,0,0,1,0,0,66,100.0,0,0.0,0,0.0
54,54,8,8,2022-10-30,ARI,@,MIN,L 26-34,*,31,44,70.5,326,3,2,7.4,6.73,95.5,4,29,6,36,0,6.0,0,0,0,0,1,0,0,1,5,0,78,100.0,0,0.0,0,0.0
55,55,9,9,2022-11-06,ARI,,SEA,L 21-31,*,25,35,71.4,175,2,0,5.0,6.14,101.5,5,35,8,60,0,7.5,0,0,0,0,2,1,0,1,0,0,63,100.0,0,0.0,0,0.0
56,56,12,12,2022-11-27,ARI,,LAC,L 24-25,*,18,29,62.1,191,2,1,6.6,6.41,89.9,1,6,7,56,1,8.0,0,0,0,0,0,0,0,0,0,0,66,100.0,0,0.0,0,0.0
57,57,13,14,2022-12-12,ARI,,NWE,L 13-27,*,1,1,100.0,9,0,0,9.0,9.00,104.2,0,0,1,3,0,3.0,0,0,0,0,0,0,0,0,0,0,3,4.0,0,0.0,0,0.0
58,58,10,10,2023-11-12,ARI,,ATL,W 25-23,*,19,32,59.4,249,0,1,7.8,6.38,71.0,2,19,6,33,1,5.5,0,0,0,0,0,0,0,0,0,0,63,96.9,0,0.0,0,0.0
59,59,11,11,2023-11-19,ARI,@,HOU,L 16-21,*,20,30,66.7,214,1,1,7.1,6.30,84.6,3,18,7,51,1,7.3,0,0,0,0,1,0,0,0,0,0,61,100.0,0,0.0,0,0.0
60,60,12,12,2023-11-26,ARI,,LAR,L 14-37,*,27,45,60.0,256,1,0,5.7,6.13,83.2,4,37,1,2,1,2.0,0,0,0,0,0,0,0,0,0,0,70,98.6,0,0.0,0,0.0
61,61,13,13,2023-12-03,ARI,@,PIT,W 24-10,*,13,23,56.5,145,1,0,6.3,7.17,89.9,2,13,9,20,0,2.2,0,0,0,0,2,0,0,0,-3,0,68,100.0,0,0.0,0,0.0
62,62,14,15,2023-12-17,ARI,,SFO,L 29-45,*,26,39,66.7,211,1,2,5.4,3.62,67.4,3,9,6,49,0,8.2,0,0,0,0,2,0,0,0,0,0,72,97.3,0,0.0,0,0.0
63,63,15,16,2023-12-24,ARI,@,CHI,L 16-27,*,24,38,63.2,230,2,0,6.1,7.11,97.5,2,17,5,32,0,6.4,0,0,0,0,1,0,0,0,-8,0,61,100.0,0,0.0,0,0.0
64,64,16,17,2023-12-31,ARI,@,PHI,W 35-31,*,25,31,80.6,232,3,1,7.5,7.97,116.7,1,4,5,24,0,4.8,0,0,0,0,1,0,0,1,0,0,75,98.7,0,0.0,0,0.0
65,65,17,18,2024-01-07,ARI,,SEA,L 20-21,*,22,30,73.3,262,1,0,8.7,9.40,110.7,1,2,5,33,0,6.6,0,0,0,0,0,0,0,0,0,0,68,97.1,0,0.0,0,0.0
66,66,1,1,2024-09-08,ARI,@,BUF,L 28-34,*,21,31,67.7,162,1,0,5.2,5.87,91.1,4,16,5,57,0,11.4,0,0,0,0,1,1,0,0,0,0,61,100.0,0,0.0,0,0.0
67,67,2,2,2024-09-15,ARI,,LAR,W 41-10,*,17,21,81.0,266,3,0,12.7,15.52,158.3,1,8,5,59,0,11.8,0,0,0,0,0,0,0,0,0,0,60,90.9,0,0.0,0,0.0
68,68,3,3,2024-09-22,ARI,,DET,L 13-20,*,21,34,61.8,207,1,1,6.1,5.35,76.5,1,7,5,45,0,9.0,0,0,0,0,0,0,0,0,0,0,59,100.0,0,0.0,0,0.0
69,69,4,4,2024-09-29,ARI,,WAS,L 14-42,*,16,22,72.7,142,1,0,6.5,7.36,104.7,4,27,1,3,0,3.0,0,0,0,0,0,0,0,0,0,0,59,100.0,0,0.0,0,0.0
70,70,5,5,2024-10-06,ARI,@,SFO,W 24-23,*,19,30,63.3,195,1,1,6.5,5.67,79.2,1,6,7,83,1,11.9,0,0,0,0,1,0,0,0,0,0,58,100.0,0,0.0,0,0.0
71,71,6,6,2024-10-13,ARI,@,GNB,L 13-34,*,22,32,68.8,214,1,0,6.7,7.31,97.7,0,0,7,14,0,2.0,0,0,0,0,1,1,0,0,-3,0,58,100.0,0,0.0,0,0.0
72,72,7,7,2024-10-21,ARI,,LAC,W 17-15,*,14,26,53.8,145,1,1,5.6,4.62,67.0,0,0,6,64,1,10.7,0,0,0,0,0,0,0,0,0,0,54,94.7,0,0.0,0,0.0
73,73,8,8,2024-10-27,ARI,@,MIA,W 28-27,*,26,36,72.2,307,2,0,8.5,9.64,116.3,0,0,5,19,0,3.8,0,0,0,0,1,0,0,1,0,0,66,100.0,0,0.0,0,0.0
74,74,9,9,2024-11-03,ARI,,CHI,W 29-9,*,13,20,65.0,154,0,0,7.7,7.70,88.3,3,17,2,6,0,3.0,0,0,0,0,1,1,0,0,0,0,55,94.8,0,0.0,0,0.0
75,75,10,10,2024-11-10,ARI,,NYJ,W 31-6,*,22,24,91.7,266,1,0,11.1,11.92,126.7,1,7,3,21,2,7.0,0,0,0,0,1,0,0,1,0,0,52,88.1,0,0.0,0,0.0
76,76,11,12,2024-11-24,ARI,@,SEA,L 6-16,*,24,37,64.9,285,0,1,7.7,6.49,77.0,5,36,2,9,0,4.5,0,0,0,0,0,0,0,0,0,0,58,100.0,0,0.0,0,0.0
77,77,12,13,2024-12-01,ARI,@,MIN,L 22-23,*,31,45,68.9,260,1,2,5.8,4.22,72.5,1,8,7,48,0,6.9,0,0,0,0,1,0,0,1,0,0,82,100.0,0,0.0,0,0.0
78,78,13,14,2024-12-08,ARI,,SEA,L 18-30,*,25,38,65.8,259,2,2,6.8,5.50,80.9,2,24,3,16,0,5.3,0,0,0,0,0,0,0,0,0,0,71,100.0,0,0.0,0,0.0
79,79,14,15,2024-12-15,ARI,,NWE,W 30-17,*,23,30,76.7,224,0,0,7.5,7.47,97.1,0,0,5,11,0,2.2,0,0,0,0,0,0,0,0,0,0,63,90.0,0,0.0,0,0.0
80,80,15,16,2024-12-22,ARI,@,CAR,L 30-36 (OT),*,20,32,62.5,202,1,1,6.3,5.53,77.9,3,26,8,63,1,7.9,0,0,0,0,1,1,0,0,-1,0,70,100.0,0,0.0,0,0.0
81,81,16,17,2024-12-28,ARI,@,LAR,L 9-13,*,33,48,68.8,321,1,2,6.7,5.23,76.8,4,38,4,32,0,8.0,0,0,0,0,0,0,0,0,0,0,79,100.0,0,0.0,0,0.0
82,82,17,18,2025-01-05,ARI,,SFO,W 47-24,*,25,35,71.4,242,4,0,6.9,9.20,128.5,0,0,3,22,0,7.3,0,0,0,0,0,0,0,0,0,0,60,92.3,0,0.0,0,0.0
83,83,1,1,2025-09-07,ARI,@,NOR,W 20-13,*,21,29,72.4,163,2,0,5.6,7.00,108.8,5,33,7,38,0,5.4,0,0,0,0,0,0,0,0,0,0,66,100.0,0,0.0,0,0.0
84,84,2,2,2025-09-14,ARI,,CAR,W 27-22,*,17,25,68.0,220,1,1,8.8,7.80,92.1,1,9,7,32,0,4.6,0,0,0,0,0,0,0,0,0,0,54,98.2,0,0.0,0,0.0
85,85,3,3,2025-09-21,ARI,@,SFO,L 15-16,*,22,35,62.9,159,1,0,4.5,5.11,82.9,1,5,6,37,0,6.2,0,0,0,0,0,0,0,0,0,0,66,100.0,0,0.0,0,0.0
86,86,4,4,2025-09-25,ARI,,SEA,L 20-23,*,27,41,65.9,200,2,2,4.9,3.66,73.2,6,36,5,41,0,8.2,0,0,0,0,0,0,0,0,0,0,67,100.0,0,0.0,0,0.0
87,87,5,5,2025-10-05,ARI,,TEN,L 21-22,*,23,31,74.2,220,0,0,7.1,7.10,93.5,3,28,4,25,1,6.3,0,0,0,0,1,1,0,0,-4,0,65,95.6,0,0.0,0,0.0